186 8 2
30
1 0 3 34 10 11 5
2 0 3 5 45 7 7
3 0 3 19 40 7 4
4 0 5 22 11 5 1
5 1 7 20 44 3 10
6 0 7 45 11 7 8
7 0 8 15 33 7 6
8 0 9 31 21 3 4
9 1 10 8 31 8 2
10 0 12 48 6 3 10
11 0 12 7 45 4 10
12 0 12 36 45 11 1
13 0 13 28 43 9 7
14 0 15 17 21 6 3
15 0 15 54 18 3 2
16 2 16 5 24 5 6
17 0 18 6 42 6 7
18 0 20 40 20 4 8
19 2 20 21 18 5 1
20 0 21 38 15 10 8
21 0 21 20 45 8 2
22 0 22 25 47 10 4
23 0 24 15 13 12 1
24 0 26 52 21 11 5
25 0 27 51 34 10 4
26 0 28 27 49 3 6
27 0 30 52 42 4 7
28 2 31 33 24 6 6
29 0 32 39 29 10 2
30 0 33 37 20 7 2
