10000 10 100
300
1 0 3 12 22 7 8
2 0 4 49 34 10 2
3 0 5 35 44 7 1
4 0 6 53 16 6 2
5 0 7 18 37 2 7
6 0 7 50 50 2 2
7 0 8 19 26 8 7
8 0 10 43 25 6 1
9 0 12 27 23 2 10
10 0 12 16 34 4 3
11 0 12 12 32 12 10
12 0 12 22 10 7 2
13 0 12 49 46 5 3
14 0 13 41 32 12 7
15 0 14 6 29 7 9
16 0 15 52 26 12 2
17 0 15 48 23 6 2
18 0 17 43 42 2 5
19 0 19 32 18 4 1
20 0 20 50 29 8 5
21 0 22 20 27 12 3
22 0 24 50 35 5 10
23 0 26 19 7 12 3
24 0 26 26 28 4 9
25 0 27 6 25 12 4
26 2 28 9 38 6 2
27 0 28 46 44 9 2
28 0 29 28 38 9 8
29 2 30 25 17 2 8
30 0 32 51 25 2 6
31 0 33 51 43 3 10
32 1 33 34 24 3 7
33 0 34 20 38 12 6
34 0 34 54 27 12 9
35 2 35 16 15 3 3
36 1 36 6 36 5 1
37 0 37 51 31 2 2
38 0 37 40 48 10 2
39 1 39 10 39 7 3
40 0 39 41 32 7 4
41 0 40 9 12 4 5
42 0 41 51 40 11 6
43 0 41 25 21 7 4
44 0 42 51 28 2 5
45 0 44 35 42 12 5
46 0 46 43 34 5 10
47 0 47 29 24 5 8
48 2 49 21 38 7 1
49 0 51 26 50 7 4
50 0 53 24 48 2 4
51 0 53 8 41 3 1
52 0 54 26 27 5 1
53 0 54 7 15 12 2
54 1 55 28 33 12 7
55 0 55 51 10 3 2
56 0 57 42 38 8 4
57 1 57 11 9 2 10
58 0 58 6 17 5 2
59 0 58 16 5 5 7
60 0 60 11 22 6 1
61 0 60 17 49 10 1
62 0 61 37 37 10 6
63 0 62 33 12 4 6
64 0 62 47 21 4 4
65 1 63 38 19 12 4
66 0 65 20 16 4 1
67 0 65 46 38 9 8
68 2 66 51 50 5 3
69 0 66 21 18 3 4
70 1 67 20 16 7 9
71 0 67 14 8 4 5
72 0 69 18 45 11 3
73 1 70 37 6 8 9
74 0 71 16 44 7 1
75 0 73 52 28 10 4
76 0 75 19 43 12 5
77 0 75 15 34 6 5
78 0 76 24 17 10 8
79 0 77 46 36 3 6
80 0 79 31 48 5 6
81 2 79 37 9 4 8
82 0 79 6 16 3 5
83 0 81 5 47 4 7
84 1 81 29 11 5 9
85 0 82 48 42 8 7
86 0 82 22 14 3 10
87 2 84 20 31 4 8
88 0 84 44 19 10 8
89 0 85 17 31 4 7
90 0 85 45 19 6 4
91 2 85 5 12 7 1
92 0 85 15 37 11 7
93 0 85 26 21 6 9
94 0 86 22 39 8 10
95 0 86 43 19 3 3
96 1 88 29 40 12 10
97 2 88 53 16 12 7
98 0 88 43 34 12 3
99 1 90 8 32 10 8
100 2 90 21 48 3 5
101 2 90 51 38 8 10
102 0 91 32 18 10 9
103 2 92 26 23 2 8
104 0 93 31 50 8 1
105 2 95 12 33 12 2
106 0 97 51 44 12 10
107 0 99 43 40 11 2
108 0 99 29 41 5 8
109 2 99 51 26 6 3
110 0 101 16 7 7 5
111 0 102 14 43 11 7
112 0 102 55 7 7 1
113 0 102 49 31 11 3
114 0 104 15 31 7 4
115 0 104 41 21 9 10
116 0 105 49 21 2 8
117 0 105 19 14 11 3
118 0 107 53 12 6 8
119 0 109 30 46 4 8
120 0 110 22 41 4 2
121 0 111 34 16 3 5
122 0 113 17 16 4 6
123 0 113 47 25 4 6
124 0 114 49 27 10 2
125 0 115 45 45 8 6
126 0 116 44 45 3 5
127 0 117 19 34 6 7
128 0 117 7 6 7 3
129 0 118 40 10 5 4
130 1 119 55 34 12 3
131 0 121 54 29 8 2
132 2 121 16 16 12 1
133 0 121 22 16 4 8
134 0 121 28 17 11 1
135 0 123 50 32 12 6
136 0 124 48 31 2 8
137 0 124 25 39 12 1
138 1 124 25 18 6 5
139 1 126 38 9 7 10
140 0 128 46 16 8 7
141 0 130 15 42 3 1
142 0 130 11 24 12 3
143 0 131 31 18 11 2
144 0 132 50 13 3 2
145 2 133 45 9 6 9
146 0 134 14 47 8 5
147 1 136 16 30 8 2
148 0 138 15 13 6 9
149 1 140 9 27 3 4
150 0 140 28 28 6 1
151 2 141 42 35 9 3
152 0 143 24 13 2 7
153 0 143 6 36 10 2
154 0 144 53 34 10 1
155 0 144 7 16 10 9
156 0 146 55 21 8 2
157 2 148 26 31 3 7
158 0 150 51 33 8 7
159 0 150 41 17 12 2
160 0 150 49 37 4 8
161 2 151 11 35 6 3
162 0 151 23 34 9 9
163 0 152 15 42 12 3
164 0 153 22 21 7 5
165 0 155 32 7 4 4
166 1 156 20 15 2 2
167 0 157 29 20 6 10
168 0 157 51 38 12 3
169 0 159 55 39 8 7
170 0 159 25 9 9 4
171 0 161 37 47 8 9
172 2 163 18 14 3 3
173 1 165 45 42 6 4
174 0 165 39 33 11 9
175 2 166 30 45 9 6
176 0 167 38 19 4 5
177 0 168 16 27 4 4
178 0 169 29 12 9 2
179 1 169 51 12 7 2
180 0 171 21 31 11 10
181 0 171 21 49 10 9
182 0 172 20 19 6 3
183 0 174 53 46 12 7
184 0 174 38 50 12 3
185 0 176 21 47 4 3
186 2 176 15 46 6 8
187 0 177 22 40 11 2
188 0 178 42 8 4 3
189 0 180 40 17 7 7
190 0 181 54 19 9 4
191 0 183 47 26 6 4
192 0 184 31 27 3 5
193 0 184 42 27 7 1
194 0 184 5 48 12 6
195 1 186 42 26 2 9
196 1 187 35 48 11 9
197 0 188 37 43 9 9
198 0 189 13 7 8 10
199 0 190 18 9 4 1
200 1 191 7 35 11 10
201 2 192 41 22 5 8
202 1 194 21 9 10 4
203 0 196 54 45 10 4
204 0 198 37 16 5 2
205 0 200 38 5 3 5
206 0 200 17 23 11 6
207 0 200 7 6 9 9
208 0 202 54 46 8 10
209 0 204 23 25 12 1
210 1 204 47 49 3 1
211 0 205 21 19 3 4
212 0 205 45 30 6 5
213 0 207 43 25 2 1
214 2 209 11 15 3 9
215 1 211 26 17 7 2
216 0 212 13 28 3 10
217 0 212 49 14 7 1
218 0 212 36 14 5 1
219 1 214 10 5 12 2
220 0 215 29 17 10 4
221 0 216 14 31 9 4
222 1 217 27 23 7 9
223 0 218 16 37 9 6
224 0 220 17 32 10 9
225 0 221 47 6 3 4
226 0 222 21 49 2 3
227 0 223 43 23 8 2
228 2 224 17 41 11 3
229 0 224 7 26 9 1
230 0 226 46 40 10 3
231 0 228 12 15 9 7
232 0 229 49 28 9 9
233 0 230 12 35 3 3
234 1 232 51 32 8 1
235 0 232 13 21 4 4
236 0 234 27 21 4 8
237 0 235 30 27 5 2
238 0 235 27 50 9 4
239 0 237 22 17 9 3
240 2 239 19 16 8 7
241 0 239 31 42 4 8
242 0 239 19 28 5 7
243 0 241 47 22 3 8
244 0 242 54 6 6 9
245 0 244 52 12 4 5
246 0 246 48 37 3 4
247 0 248 36 11 9 5
248 2 249 12 49 4 10
249 2 249 51 46 6 8
250 0 250 55 21 9 6
251 0 251 27 44 12 10
252 0 253 25 20 3 6
253 1 255 44 37 12 4
254 0 257 33 47 10 6
255 0 259 38 32 7 7
256 1 259 13 25 3 7
257 1 259 48 31 6 4
258 0 259 28 50 11 6
259 0 260 42 5 9 1
260 1 260 16 32 8 5
261 2 262 53 35 2 9
262 0 264 20 30 11 10
263 2 264 16 31 11 6
264 0 264 43 12 9 1
265 0 266 36 20 7 2
266 0 266 9 39 6 10
267 0 268 5 22 7 8
268 0 270 54 23 7 6
269 1 272 46 42 10 5
270 0 272 10 26 11 5
271 0 274 20 18 2 1
272 0 274 43 41 10 3
273 0 275 22 48 10 9
274 1 275 7 13 9 3
275 2 275 29 10 8 4
276 0 277 27 9 11 7
277 0 277 38 48 9 2
278 2 279 38 35 12 6
279 0 279 44 41 2 7
280 0 280 9 36 3 4
281 0 282 46 15 4 8
282 1 284 25 44 10 10
283 0 285 45 17 12 1
284 0 286 51 33 10 1
285 0 287 55 48 7 8
286 0 288 45 6 8 1
287 2 290 40 34 10 5
288 0 291 7 15 10 5
289 0 293 9 13 2 6
290 0 295 43 39 10 1
291 0 296 23 45 2 7
292 0 296 18 42 11 2
293 0 296 16 17 3 8
294 0 297 24 11 4 8
295 1 299 23 10 4 8
296 0 300 47 7 10 3
297 0 301 38 39 7 1
298 1 303 33 29 11 5
299 0 305 31 49 8 3
300 0 305 17 8 2 6
