1000 5 25
250
1 0 1 40 40 8 6
2 0 1 10 14 6 1
3 0 3 37 5 7 5
4 0 4 9 29 2 3
5 0 6 53 46 11 10
6 0 7 36 10 12 7
7 0 8 40 20 7 7
8 0 10 11 29 7 7
9 0 12 38 20 12 9
10 2 12 54 11 5 7
11 0 12 27 7 6 8
12 0 13 44 27 7 9
13 0 15 51 34 4 7
14 0 17 41 31 3 3
15 1 18 47 27 9 5
16 2 20 47 21 11 9
17 0 21 47 18 10 7
18 2 22 55 42 9 5
19 0 24 27 28 3 1
20 0 24 44 48 2 9
21 0 26 47 28 12 1
22 0 26 44 20 7 2
23 0 26 7 37 8 2
24 0 28 27 24 11 10
25 0 29 21 17 7 5
26 0 29 35 6 7 2
27 0 31 33 9 6 9
28 0 32 20 10 5 2
29 0 32 41 5 4 2
30 0 34 25 14 10 10
31 0 35 51 25 3 4
32 0 35 23 47 12 3
33 0 36 40 47 9 10
34 2 37 48 34 6 8
35 0 39 53 27 10 3
36 2 40 29 45 6 7
37 0 42 22 13 11 1
38 0 43 20 44 8 4
39 0 44 54 10 12 7
40 0 45 52 27 12 1
41 0 45 32 16 4 8
42 0 47 47 22 10 3
43 0 47 50 9 12 7
44 0 47 47 33 2 9
45 0 47 39 45 11 10
46 0 47 15 38 4 2
47 2 48 15 11 11 8
48 0 48 49 9 6 10
49 0 49 43 14 2 2
50 0 50 11 7 5 8
51 0 52 23 45 8 9
52 0 53 17 29 9 4
53 1 54 43 38 7 6
54 0 56 19 50 4 8
55 0 58 26 40 11 10
56 0 60 12 8 8 5
57 0 62 12 33 6 9
58 0 62 41 46 2 5
59 0 62 25 38 10 7
60 0 64 48 38 7 9
61 0 64 38 38 12 2
62 0 65 7 29 11 5
63 0 65 13 17 6 9
64 0 67 34 33 9 3
65 0 69 43 32 8 7
66 0 71 27 9 2 6
67 0 73 54 40 11 2
68 0 73 30 30 7 4
69 0 73 29 33 4 10
70 0 75 51 46 5 9
71 2 75 45 34 12 10
72 0 77 34 47 11 2
73 0 79 44 7 9 1
74 0 80 52 44 9 6
75 0 82 33 44 8 5
76 0 82 40 46 5 7
77 1 84 42 22 9 5
78 0 86 53 33 4 5
79 0 86 41 26 12 8
80 0 87 14 33 9 1
81 1 89 36 20 4 3
82 0 89 32 36 11 5
83 0 89 55 23 9 3
84 0 89 32 33 12 5
85 0 91 46 19 4 9
86 0 93 6 8 8 6
87 0 94 33 47 4 8
88 0 94 33 30 7 7
89 2 96 44 30 6 3
90 0 96 46 30 12 9
91 0 97 26 26 3 6
92 2 97 12 11 6 1
93 0 99 22 48 8 3
94 0 99 35 46 3 2
95 0 99 47 25 10 9
96 0 100 17 35 5 4
97 0 101 14 31 5 2
98 0 102 22 20 11 5
99 0 104 16 30 4 10
100 2 104 10 14 2 7
101 0 104 41 50 10 4
102 0 105 38 14 4 3
103 1 107 12 18 2 4
104 0 108 21 34 8 3
105 0 109 19 29 4 2
106 0 110 46 9 8 6
107 0 112 30 9 12 6
108 0 112 23 8 6 2
109 0 113 8 19 3 7
110 1 114 18 46 5 2
111 2 114 29 44 3 1
112 0 116 39 39 8 5
113 0 117 52 46 12 8
114 0 119 48 30 11 6
115 0 121 53 28 10 10
116 0 123 43 45 4 6
117 0 125 6 43 10 9
118 0 125 51 18 7 9
119 0 125 10 34 9 9
120 0 126 31 11 5 1
121 0 128 42 36 3 8
122 0 129 7 46 7 6
123 0 130 47 10 11 8
124 0 132 50 27 9 8
125 0 134 47 33 9 1
126 0 136 53 23 4 10
127 0 137 11 13 5 3
128 0 139 46 19 5 2
129 2 141 12 13 5 5
130 0 141 19 36 4 9
131 0 142 53 9 3 9
132 0 142 32 48 12 9
133 0 142 42 20 8 4
134 0 142 8 47 12 1
135 0 142 49 5 6 7
136 1 142 39 16 8 6
137 0 143 44 38 12 8
138 0 143 17 5 9 8
139 0 144 31 8 2 6
140 0 146 12 32 9 7
141 0 148 22 22 8 1
142 0 150 41 25 11 5
143 0 152 45 35 7 7
144 0 153 23 30 11 6
145 0 154 50 49 7 5
146 0 156 25 21 5 6
147 2 158 10 30 8 1
148 0 158 19 43 5 10
149 1 160 39 36 3 7
150 0 160 32 31 5 6
151 0 162 29 48 4 2
152 0 163 40 43 8 1
153 0 163 47 24 9 7
154 0 164 21 37 6 6
155 0 164 35 37 5 2
156 0 165 55 6 9 8
157 0 166 6 11 3 3
158 2 168 46 5 6 4
159 0 170 31 43 10 7
160 0 170 54 22 4 7
161 1 170 55 12 7 9
162 0 172 40 13 10 4
163 0 174 40 24 2 10
164 0 175 19 38 3 9
165 0 177 26 40 10 2
166 0 178 23 35 9 7
167 0 178 54 44 7 4
168 1 178 50 17 11 5
169 1 178 12 12 9 3
170 0 179 44 42 6 9
171 0 181 40 46 5 8
172 0 182 35 27 8 2
173 0 182 8 10 8 9
174 0 183 10 17 2 3
175 0 183 46 19 6 7
176 0 183 10 13 5 6
177 0 184 6 38 5 3
178 1 185 19 35 7 8
179 0 185 35 50 9 2
180 2 186 40 46 9 8
181 1 188 20 41 3 3
182 2 188 19 31 2 9
183 0 190 24 34 4 1
184 0 192 29 16 2 6
185 0 192 12 37 4 9
186 0 193 20 28 3 5
187 0 194 25 24 3 2
188 0 196 10 10 11 3
189 0 196 28 28 5 3
190 0 196 10 9 5 7
191 0 197 43 33 5 1
192 0 198 13 39 7 10
193 0 199 47 44 3 1
194 0 199 48 43 9 7
195 1 201 14 25 3 5
196 2 202 8 37 7 2
197 0 202 51 18 8 1
198 2 202 9 16 12 7
199 1 203 17 39 6 7
200 2 205 31 20 2 3
201 1 207 9 41 10 7
202 0 209 40 11 10 9
203 0 209 23 28 8 4
204 0 211 5 29 3 2
205 0 212 52 29 6 8
206 0 214 55 29 4 7
207 0 216 23 8 10 9
208 0 217 28 20 5 5
209 1 217 33 15 10 7
210 0 219 46 41 7 8
211 0 219 47 41 10 5
212 0 220 23 16 5 2
213 0 220 12 29 9 8
214 0 222 44 46 12 9
215 0 224 14 38 3 6
216 0 225 30 40 3 8
217 0 227 28 31 3 1
218 0 227 50 7 5 9
219 0 227 15 16 12 2
220 2 229 39 23 2 7
221 1 231 55 41 5 2
222 0 232 32 17 7 4
223 0 233 19 16 9 1
224 0 235 37 30 8 5
225 2 235 7 23 5 9
226 0 237 40 23 10 3
227 0 238 26 15 3 6
228 1 239 25 26 12 9
229 0 239 11 23 9 3
230 0 241 53 19 12 2
231 0 243 17 8 8 1
232 0 244 45 47 6 5
233 2 244 31 27 11 1
234 0 246 30 42 6 2
235 0 248 34 18 7 3
236 0 249 51 26 10 1
237 0 251 24 44 11 8
238 0 252 14 15 7 7
239 0 253 8 40 2 8
240 2 253 18 29 2 1
241 0 254 29 36 6 3
242 0 256 36 33 10 5
243 0 256 50 39 5 5
244 0 258 25 33 7 6
245 0 258 17 26 5 1
246 1 258 50 32 11 9
247 1 259 33 6 8 2
248 0 260 38 17 7 7
249 0 260 21 20 11 9
250 0 260 17 16 7 1
