233 3 45
50
1 0 3 29 47 9 8
2 0 4 16 44 9 4
3 0 4 24 44 12 3
4 0 6 47 17 12 9
5 0 7 25 27 6 1
6 0 7 11 28 12 5
7 1 9 28 36 9 3
8 0 9 28 40 11 5
9 0 10 23 48 3 3
10 0 12 49 33 9 9
11 0 14 40 6 7 2
12 0 14 49 43 7 2
13 0 15 7 22 6 6
14 0 15 37 16 3 6
15 2 15 47 42 2 9
16 0 16 27 41 3 8
17 0 16 17 48 2 7
18 0 17 46 13 3 4
19 0 17 44 24 4 4
20 0 18 20 37 7 6
21 0 19 9 6 6 9
22 0 19 9 26 9 2
23 0 19 7 26 4 8
24 1 19 39 12 3 3
25 0 20 51 6 6 4
26 0 20 22 21 3 9
27 1 22 50 49 6 4
28 2 22 8 10 8 4
29 0 22 7 22 10 9
30 0 22 19 48 3 6
31 0 22 49 16 11 9
32 1 22 39 47 6 1
33 0 24 45 8 9 6
34 0 25 5 14 12 10
35 0 26 13 9 11 9
36 0 26 13 21 4 6
37 0 27 23 46 7 6
38 0 27 16 21 12 3
39 0 28 39 8 7 2
40 2 30 52 39 8 4
41 2 31 52 23 12 5
42 1 33 55 6 11 9
43 0 33 32 31 5 8
44 0 34 39 36 6 5
45 0 34 42 49 2 6
46 0 34 6 18 11 5
47 2 35 47 23 4 2
48 0 35 55 48 11 9
49 0 36 46 7 2 3
50 0 38 9 35 6 9
