141 10 22
100
1 2 2 12 20 11 4
2 0 2 12 43 8 5
3 0 3 53 26 9 2
4 0 5 48 10 12 6
5 0 6 25 41 7 2
6 0 8 54 42 9 2
7 0 9 28 17 10 6
8 0 9 44 39 6 2
9 0 10 43 32 2 4
10 0 11 48 41 4 3
11 0 12 51 13 6 7
12 0 14 6 14 6 3
13 0 15 52 18 10 5
14 0 17 42 33 7 2
15 0 17 45 39 5 3
16 1 19 36 46 8 1
17 0 21 28 29 4 1
18 0 22 51 33 2 4
19 0 24 25 15 12 5
20 0 26 43 16 12 4
21 0 27 13 16 4 1
22 0 29 55 25 4 3
23 0 29 41 31 12 5
24 0 29 48 40 10 6
25 0 29 16 16 7 4
26 0 30 34 49 4 4
27 0 32 49 33 10 9
28 0 32 32 11 10 10
29 0 32 37 35 3 7
30 2 32 12 33 11 5
31 0 32 11 34 9 3
32 2 33 34 41 3 9
33 0 34 36 40 6 7
34 2 36 30 46 11 8
35 0 38 6 15 11 9
36 0 39 32 37 12 5
37 2 40 6 43 7 9
38 0 41 41 15 9 4
39 2 42 50 13 9 8
40 0 43 49 43 8 5
41 0 45 30 45 12 4
42 0 45 42 10 6 10
43 0 47 35 15 2 6
44 0 48 12 18 7 7
45 0 50 28 25 2 2
46 0 50 6 10 5 4
47 0 51 48 5 8 5
48 0 51 24 45 12 5
49 0 52 44 8 3 6
50 0 53 9 15 7 9
51 0 55 28 14 6 7
52 0 56 43 33 12 4
53 2 57 9 23 9 5
54 1 58 26 7 6 1
55 0 58 13 44 12 10
56 0 59 12 27 2 7
57 0 61 29 28 3 3
58 0 63 12 38 3 10
59 0 63 18 19 10 6
60 1 63 51 33 2 7
61 2 65 50 50 4 4
62 0 65 29 43 11 3
63 0 66 26 20 10 4
64 0 67 36 7 9 3
65 0 69 5 38 9 4
66 0 71 8 5 10 2
67 0 71 21 8 5 4
68 0 71 53 28 8 3
69 0 71 18 15 11 2
70 2 71 36 38 11 2
71 0 71 20 45 11 2
72 0 72 55 40 5 4
73 0 72 46 28 11 9
74 0 73 18 46 10 2
75 0 73 34 40 8 1
76 0 73 45 31 9 1
77 0 75 18 39 11 5
78 0 76 48 36 11 8
79 0 77 49 22 6 10
80 0 79 46 25 4 5
81 0 81 11 15 6 7
82 0 83 31 36 3 7
83 0 83 26 36 10 4
84 1 83 8 50 5 4
85 0 85 20 47 4 8
86 0 86 54 22 7 9
87 1 88 13 10 5 10
88 0 89 14 10 10 9
89 2 90 34 37 4 5
90 1 92 43 7 11 6
91 2 93 47 38 3 8
92 0 93 18 20 12 1
93 2 93 18 16 5 1
94 1 94 15 5 7 3
95 2 95 23 39 12 1
96 2 97 28 48 6 10
97 1 99 49 19 7 7
98 0 100 40 35 10 8
99 0 102 8 24 6 1
100 0 104 5 47 7 5
